001001110010111101110000010101111100111110010111111010111110011101001101101100000110100111100001011100101111001000101010010000000011011010110001101
00111110110000011001000001010011100011101111101101101100100100001000001001001110011101001010000011110011001101000000100010010010000110111100010111100111111111011000011000011100
1000011100100001010110001001011010000011010011101010110001011101000011001011010011000011100101111100100100010010000111000100100011101011100011110110
10000110100010000110111101000110000101010011010011010111011010111110011110101011110100010010111111110110000001011110101010111100010111
110000100010111100101110000100100001101111011100000111101010111100110011110000010001111110001011000011101000110010011101011101000111101000011100
010101000110110011101010000110111000001100110101010110000100100110001011110100101100000101001110110100001111000011011011
1110110001111101101000111011011101001011100100010111100000110111001010110100100100001101111000101111001111100010011101000000011110111100001100110
101110011000011110010110111101100010111011101000101011100110100001111001010111010001111010000111001100011011100000011001010001001101010011
000000111000010000010000100000010011001101100101010111001010100100101000000001101101011000110111111101001011000011001111000110
0000000001011100100110001001100111000110011010101111001000011110000001000100101111100110010111011000100011001010010100011100100101011000011000001111110001001011111011011011010100000100010001100010111110001000001110100000101100110110100000100000011001100001001110
01100011101100111000010111110100111001001011110001000101101001000011001000001111011110000110011000001100001
1000001010110011101001110101110111001010001001000111010111000111101101001111000001111100100101011110011001100011110100110100001111000010010001010111100001010111000000000010111101010
10001110010001010101000110011000000111010110001101010111010100110000101010001101010001001101010011000111000101100011010111101000001100110001001001010100100100101011010010100111111011111100011001111100101101
1001101011010011100001011011101011111110110001011001111001010101100101001001010111100100010011011011011111011100111111001000010010000110011000101011000000001001011011000100110
010010000111011001111011110001100011110010101001001011000100000101011111110000010100100000101001010011100010010000100110110001110001
110001100100110100111110010001010010110000001011010001001100001010000110001000010011100110111111000111011001010011010110011011011011111011100111111001
1100110110100000011010010100101000110101100100100100100100101011111100110000001
10011000111101001110000001011010111101001011110001011000100111111010011111011100101101100001110011110101101101100111010001101100111
10011011001111101000001111100000100111100101101011000110100101110101010100000100000010010101001011000110110110111101001111100001001000
0110011110001100100100110001001000011100000010000111011100000011101001101000001010000110111010011110111110111000
111110011100000101001110111111001001001111011000010100111011010100000110101100110110011111011101000011000111001011000
010100100011100010100001100011010001001111101001101010001010100000101010110000101101011011001101110001000100001000101011001000110010100101
10101001001011100010011000111010000100000011010000001111011010000001100110111010000011110101111101000110
10000110110110111000110010110111000110100001111000111010001001110100110101101110011111001100000110100010010110111110110010001011000110101111010000011001100
110010011100111000100011000101001100110000111001110000001001101011101100001111110001011111011010010100001100101011110101
011010000111110000111000000101000010001101111111010101011011011110011010001010100001111000101101110001101110001111010
1001010001011000101100001000000001100010101110010100100110101101001110100001100101111110010110110111110111001110001101011000001100110001001001010100100
000011101000111011100110001110011001100001100111000001010010111100110110011011011100
0001001101110111010000011010010100010111011111010110101100100000000100001111111111001100001110110101111000010100000110101111000101111101101001010000110010
00011011001011100111101110010110010100010110101010110001100011110011010111010100010111111101111011100010011011010000011101110011111001100000110100